Successfully initiatized GF2_map
正在处理 case 1 : n1=85, n2=3, a=1, b=-28
Successfully initiatized GF2_map
Successfully initiatized GF2_map

    --------------- 从factor1选1个，从factor2选1个 ---------------


    --------------- 从factor1选2个，从factor2选1个 ---------------


    --------------- 从factor1选3个，从factor2选1个 ---------------


    --------------- 从factor1选4个，从factor2选1个 ---------------


    --------------- 从factor1选5个，从factor2选1个 ---------------


    --------------- 从factor1选6个，从factor2选1个 ---------------


    --------------- 从factor1选7个，从factor2选1个 ---------------


    --------------- 从factor1选8个，从factor2选1个 ---------------


    --------------- 从factor1选9个，从factor2选1个 ---------------

         
    --------------- 从factor1选10个，从factor2选1个 ---------------


    --------------- 从factor1选11个，从factor2选1个 ---------------

FIND!!!!
gx1
[0 0 0 0 0 0 0 0 0 0 0 0 0 0 0 0 0 0 0 0 0 0 0 0 0 0 0 0 0 0 0 0 0 0 0 0 0
 0 0 0 0 0 0 0 0 0 0 0 0 0 0 0 0 0 0 0 0 0 0 0 0 0 0 0 0 0 0 0 0 0 0 0 0 0
 0 0 0 0 0 0 0 0 0 0 0]
gx2
[0 0 0]
gx
[0 0 0 0 0 0 0 0 0 0 0 0 0 0 0 0 0 0 0 0 0 0 0 0 0 0 0 0 0 0 0 0 0 0 0 0 0
 0 0 0 0 0 0 0 0 0 0 0 0 0 0 0 0 0 0 0 0 0 0 0 0 0 0 0 0 0 0 0 0 0 0 0 0 0
 0 0 0 0 0 0 0 0 0 0 0 0 0 0 0 0 0 0 0 0 0 0 0 0 0 0 0 0 0 0 0 0 0 0 0 0 0
 0 0 0 0 0 0 0 0 0 0 0 0 0 0 0 0 0 0 0 0 0 0 0 0 0 0 0 0 0 0 0 0 0 0 0 0 0
 0 0 0 0 0 0 0 0 0 0 0 0 0 0 0 0 0 0 0 0 0 0 0 0 0 0 0 0 0 0 0 0 0 0 0 0 0
 0 0 0 0 0 0 0 0 0 0 0 0 0 0 0 0 0 0 0 0 0 0 0 0 0 0 0 0 0 0 0 0 0 0 0 0 0
 0 0 0 0 0 0 0 0 0 0 0 0 0 0 0 0 0 0 0 0 0 0 0 0 0 0 0 0 0 0 0 0 0]
BCH t
127
正在处理 case 2 : n1=51, n2=5, a=1, b=-10
Successfully initiatized GF2_map
Successfully initiatized GF2_map

    --------------- 从factor1选1个，从factor2选1个 ---------------


    --------------- 从factor1选2个，从factor2选1个 ---------------


    --------------- 从factor1选3个，从factor2选1个 ---------------


    --------------- 从factor1选4个，从factor2选1个 ---------------


    --------------- 从factor1选5个，从factor2选1个 ---------------


    --------------- 从factor1选6个，从factor2选1个 ---------------


    --------------- 从factor1选7个，从factor2选1个 ---------------

FIND!!!!
gx1
[0 0 0 0 0 0 0 0 0 0 0 0 0 0 0 0 0 0 0 0 0 0 0 0 0 0 0 0 0 0 0 0 0 0 0 0 0
 0 0 0 0 0 0 0 0 0 0 0 0 0 0]
gx2
[0 0 0 0 0]
gx
[0 0 0 0 0 0 0 0 0 0 0 0 0 0 0 0 0 0 0 0 0 0 0 0 0 0 0 0 0 0 0 0 0 0 0 0 0
 0 0 0 0 0 0 0 0 0 0 0 0 0 0 0 0 0 0 0 0 0 0 0 0 0 0 0 0 0 0 0 0 0 0 0 0 0
 0 0 0 0 0 0 0 0 0 0 0 0 0 0 0 0 0 0 0 0 0 0 0 0 0 0 0 0 0 0 0 0 0 0 0 0 0
 0 0 0 0 0 0 0 0 0 0 0 0 0 0 0 0 0 0 0 0 0 0 0 0 0 0 0 0 0 0 0 0 0 0 0 0 0
 0 0 0 0 0 0 0 0 0 0 0 0 0 0 0 0 0 0 0 0 0 0 0 0 0 0 0 0 0 0 0 0 0 0 0 0 0
 0 0 0 0 0 0 0 0 0 0 0 0 0 0 0 0 0 0 0 0 0 0 0 0 0 0 0 0 0 0 0 0 0 0 0 0 0
 0 0 0 0 0 0 0 0 0 0 0 0 0 0 0 0 0 0 0 0 0 0 0 0 0 0 0 0 0 0 0 0 0]
BCH t
127
正在处理 case 3 : n1=17, n2=15, a=-7, b=8
Successfully initiatized GF2_map
Successfully initiatized GF2_map

    --------------- 从factor1选1个，从factor2选1个 ---------------


    --------------- 从factor1选1个，从factor2选2个 ---------------


    --------------- 从factor1选1个，从factor2选3个 ---------------


    --------------- 从factor1选1个，从factor2选4个 ---------------


    --------------- 从factor1选2个，从factor2选1个 ---------------


    --------------- 从factor1选2个，从factor2选2个 ---------------


    --------------- 从factor1选2个，从factor2选3个 ---------------


    --------------- 从factor1选2个，从factor2选4个 ---------------

FIND!!!!
gx1
[0 0 0 0 0 0 0 0 0 0 0 0 0 0 0 0 0]
gx2
[0 0 0 0 0 0 0 0 0 0 0 0 0 0 0]
gx
[0 0 0 0 0 0 0 0 0 0 0 0 0 0 0 0 0 0 0 0 0 0 0 0 0 0 0 0 0 0 0 0 0 0 0 0 0
 0 0 0 0 0 0 0 0 0 0 0 0 0 0 0 0 0 0 0 0 0 0 0 0 0 0 0 0 0 0 0 0 0 0 0 0 0
 0 0 0 0 0 0 0 0 0 0 0 0 0 0 0 0 0 0 0 0 0 0 0 0 0 0 0 0 0 0 0 0 0 0 0 0 0
 0 0 0 0 0 0 0 0 0 0 0 0 0 0 0 0 0 0 0 0 0 0 0 0 0 0 0 0 0 0 0 0 0 0 0 0 0
 0 0 0 0 0 0 0 0 0 0 0 0 0 0 0 0 0 0 0 0 0 0 0 0 0 0 0 0 0 0 0 0 0 0 0 0 0
 0 0 0 0 0 0 0 0 0 0 0 0 0 0 0 0 0 0 0 0 0 0 0 0 0 0 0 0 0 0 0 0 0 0 0 0 0
 0 0 0 0 0 0 0 0 0 0 0 0 0 0 0 0 0 0 0 0 0 0 0 0 0 0 0 0 0 0 0 0 0]
BCH t
127
Traceback (most recent call last):
  File "/home/haixin/projects/RScode/Lab_cyclic_code_product_decompose/zhx_prime_decompose_isAnyBCHmatch.py", line 421, in <module>
    zhx_cyclicProductCode_decomposition___matchBCH_255(255)
  File "/home/haixin/projects/RScode/Lab_cyclic_code_product_decompose/zhx_prime_decompose_isAnyBCHmatch.py", line 327, in zhx_cyclicProductCode_decomposition___matchBCH_255
    raise TimeoutError("[ERROR] 无法找到匹配的gx")
TimeoutError: [ERROR] 无法找到匹配的gx